topic_imu_in: /livox/imu
topic_imu_out: /imu/data
lidar:
  topic_lidar_in: /livox/lidar
  topic_lidar_out: /livox/raw
  topic_lidar_time_align: /livox/align
g: 9.80511
lidar0:
  T_imu_lidar: [
    1, 0, 0, 0.011,
    0, 1, 0, 0.02329,
    0, 0, 1, -0.04412,
    0, 0, 0, 1]
  rostopic: /livox/lidar
max_cameras: 2
refer_cam_id: 0
cam0:
  T_lidar_cam: [
    0.8468262816881997, -0.4367251504141246, 0.3035727346305369, 0.02985460835078386,
    0.3360970013878762, -0.002967398836422941, -0.9418227482271033, -0.07044243999571317,
    0.4122184710482781, 0.8995901435741367, 0.1442691288518141, -0.03000774586313803,
    0, 0, 0, 1]
  cam_overlaps: [1]
  camera_model: pinhole
  distortion_coeffs: [-0.01053568040154325, -0.001146948372762362, -0.001569804077174881, 4.832228587496341e-05]
  distortion_model: equidistant
  intrinsics: [1192.224354048293, 1192.167758588196, 1468.748183885837, 1993.452668828858]
  in_resolution: [3040, 4032]
  rostopic: /camera/left/jpeg
  timeshift_cam_imu: 0.0
  rostopic_out: /camera/left/jpeg_1k/data
  rostopic_out_undistort: /camera/left/jpeg_1k/undistort
  out_resolution: [760, 1008]
cam1:
  T_lidar_cam: [
    -0.8525174813337451, -0.4288519163509538, -0.2988293991928758, -0.02160007224345361,
    0.3364306052380927, -0.01265784414199933, -0.9416229063018553, -0.06847389834731601,
    0.4000342783299842, -0.9032858261122758, 0.1550704710263282, -0.03010464288591926,
    0, 0, 0, 1]
  cam_overlaps: [0]
  camera_model: pinhole
  distortion_coeffs: [-0.01032115271102526, -0.001693678364224159, -0.001258587221809085, -1.342425228743961e-05]
  distortion_model: equidistant
  intrinsics: [1194.192434897852, 1194.176942345097, 1483.135393602104, 2003.195945014019]
  in_resolution: [3040, 4032]
  rostopic: /camera/right/jpeg
  rostopic_out: /camera/right/jpeg_1k/data
  rostopic_out_undistort: /camera/right/jpeg_1k/undistort
  out_resolution: [760, 1008]
  timeshift_cam_imu: 0.0
