topic_imu_in: /tower/imu/data
topic_imu_out: /imu/data

g: 9.80511


lidar:
  topic_lidar_in: /livox/lidar
  topic_lidar_out: /livox/raw
  topic_lidar_time_align: /livox/align


lidar0:
  T_imu_lidar:
    [1.0, 0.0, 0.0, 0.011,
    0.0, 1.0, 0.0, 0.02329,
    0.0, 0.0, 1.0, -0.04412,
    0.0, 0.0, 0.0, 1.0]
  rostopic: /tower/lidar/points
  imutopic: /tower/imu/data
  
max_cameras: 2
cam0:
  T_lidar_cam:   
    [0.8475287815717099,-0.44565354029966775,0.28824969458083505, 0.021926503525447387,
    0.32469060874359806, 0.005738192152769911, -0.9458028767901527, -0.07112085923538626,
    0.4198463683316601, 0.895187128576584, 0.14956280229230018, -0.032908269584249174,
    0.0, 0.0, 0.0, 1.0]
  cam_overlaps: [1]
  camera_model: pinhole
  distortion_coeffs: [-0.009271881530398384, -0.002256102158021696, -4.368206575029892e-05, -0.00042675655325642763]
  distortion_model: equidistant
  intrinsics: [1191.1421088729005,1191.1017113614932,1536.6321738537547,1982.1183930429631] #fu, fv, cu, cv
  resolution: [760, 1008]
  rostopic: /tower/camera/left/jpeg
  timeshift_cam_imu: 0.0
  rostopic_out: /camera/left/jpeg_1k/data
  rostopic_out_undistort: /camera/left/jpeg_1k/undistort
  out_resolution: [760, 1008]
cam1:
  T_lidar_cam:
    [-0.8542218288651381,-0.43103419680447363,-0.2907139285886052, -0.01917998503065129,
    0.32918034942970437,-0.015587757573473138,-0.944138400534142, -0.0647611036151011,
    0.4024243589044232,-0.9022009438029605, 0.15520339030256725, -0.035389044375382636,
    0.0, 0.0, 0.0, 1.0]
  cam_overlaps: [0]
  camera_model: pinhole
  distortion_coeffs: [-0.01008649795949601,-0.001610579611010701,-0.0003634725781638666,0.0003366160363341307]
  distortion_model: equidistant
  intrinsics: [1192.0485687883252,1191.7498657396006,1535.3945986917586,2067.2755802199804] #fu, fv, cu, cv
  resolution: [760, 1008]
  rostopic: /tower/camera/right/jpeg
  rostopic_out: /camera/right/jpeg_1k/data
  rostopic_out_undistort: /camera/right/jpeg_1k/undistort
  out_resolution: [760, 1008]
  timeshift_cam_imu: 0.0

